14542.193333333335
14682.556540880503
14685.727631223184
14687.664144733548
14689.538203162692
14691.421256392388
14693.566858165696
14695.606846947907
14697.580591565911
14699.55070694356
14701.470006147334
14703.265258673684
14704.939874005757
14706.671524355981
14708.311525414756
14709.792596045123
14711.243740463184
14712.584784757893
14714.000689306973
14715.387908784733
14716.859103270275
14718.324278597382
14719.765545500763
14604.857812499997
14719.028355135657
14719.980987347193
14720.118938834708
14720.351658627533
14720.66129066637
14721.01612903482
14721.123082437292
14721.0376697238
14721.102464742506
14721.392771483639
14721.578365262469
14721.761274037584
14722.041569319414
14722.400996967035
14722.749657321445
14723.151039286953
14723.572076133012
14623.150684931503
14627.891156462581
14731.274264570693
14735.791773587725
14739.62461182392
14743.301487495524
14746.706588733525
14749.041219534209
14751.711955971003
14754.402657780463
14757.064760626801
14759.881941150494
14762.8157084883
14765.82651388987
14768.730165711817
14771.628137675232
14774.487210726395
14777.29194607808
14779.885926500478
14782.420520766673
14784.974822414259
14787.54416061326
14702.002380952381
