14370.50000
14360.60000
14361.00000
14375.00000
14374.10000
14374.00000
14374.10000
14391.70000
14375.10000
14375.10000
14380.10000
14394.20000
14432.30000
14422.00000
14430.60000
14434.90000
14470.60000
14444.30000
14473.10000
14483.30000
14485.10000
14468.90000
14449.70000
14456.20000
14455.80000
14465.00000
14470.30000
14477.50000
14484.50000
14490.00000
14490.00000
14490.00000
14489.00000
14490.80000
14490.80000
14489.10000
14500.00000
14485.30000
14489.40000
14500.00000
14500.20000
14500.20000
14500.40000
14500.90000
14477.50000
14467.20000
14452.70000
14465.10000
14472.60000
14470.00000
14470.10000
14470.00000
14470.00000
14470.00000
14494.30000
14495.90000
14517.50000
14521.50000
14525.30000
14545.00000
14540.10000
14540.00000
14550.00000
14566.90000
14570.00000
14550.10000
14543.10000
14549.90000
14550.10000
14569.00000
14569.90000
14569.90000
14576.00000
14580.00000
14590.00000
14585.10000
14585.10000
14584.90000
14588.20000
14592.80000
14596.80000
14600.00000
14619.70000
14620.80000
14620.30000
14595.60000
14589.90000
14593.30000
14620.00000
14590.20000
14621.30000
14640.00000
14617.80000
14608.60000
14614.70000
14922.20000
14921.40000
14899.80000
14899.90000
14898.30000
14897.20000
14894.00000
14863.90000
14869.60000
14863.50000
14878.50000
14881.50000
14891.70000
14890.00000
14894.80000
14927.70000
14919.90000
14916.60000
14920.20000
14918.30000
14907.80000
14897.40000
14907.60000
14900.10000
14884.40000
14883.90000
14873.40000
14885.40000
14884.60000
14897.90000
14900.00000
14899.90000
14729.90000
14728.00000
14728.70000
14737.10000
14750.70000
14761.30000
14767.90000
14735.10000
14709.40000
14730.00000
14761.10000
14746.90000
14747.00000
14761.10000
14772.80000
14771.90000
14780.20000
14783.80000
14785.20000
15320.00000
15300.70000
15301.00000
15306.20000
15291.00000
15257.20000
15100.50000
15158.00000
15166.10000
15167.00000
15196.70000
15220.60000
15238.60000
15227.40000
15232.40000
15231.90000
15228.80000
15199.90000
15195.50000
15203.90000
15211.50000
15201.50000
